421.71
148.94
426.7
148.36
429.42
138.5
429.14
211.44
199.91
270.59
168.71
129.13
224.81
395.02
231.86
419.88
402.47
322.97
406.77
388.28
318.19
125.46
197.43
220.56
405.21
208.11
213.24
241.84
184.97
397.86
286.36
300.51
296.55
189.24
233.0
239.57
313.45
132.31
384.58
306.54
129.56
203.37
241.41
330.11
119.66
129.18
416.42
182.65
330.01
266.82
392.77
354.36
164.34
399.41
351.47
325.0
410.7
289.15
122.34
402.71
124.16
242.12
256.76
178.25
404.88
340.71
277.1
395.02
417.67
415.69
266.18
316.82
129.71
425.46
238.32
373.51
144.53
316.31
305.63
218.73
242.97
236.59
236.89
148.78
321.13
408.85
186.91
256.31
177.92
265.69
198.87
272.24
370.25
175.26
294.38
327.28
328.21
219.21
338.88
300.16
987.33
1223.0
997.37
1449.07
1278.0
844.66
1126.53
1341.72
976.34
1151.7
905.01
1161.63
1353.87
1335.95
1412.55
1119.52
1021.3
900.29
1148.04
917.09
1425.21
1344.07
1000.46
1322.19
918.81
1342.28
941.13
968.52
826.81
996.61
1178.6
1093.57
1219.26
1060.39
1171.28
907.99
1033.88
1309.29
1153.62
1098.24
943.54
1066.23
1205.17
975.45
1237.7
1289.95
1322.45
1282.8
1088.01
1176.83
1075.2
1266.89
1133.55
1265.69
1047.23
1004.09
1332.21
1106.7
940.15
894.5
1207.67
771.73
1236.01
1018.47
1196.72
1329.1
908.16
925.28
1437.9
621.07
866.6
1135.73
1011.27
1042.12
1073.28
1342.82
1315.06
960.78
848.84
895.69
1293.85
1113.6
1026.84
1445.2
1267.89
969.28
943.09
1092.91
965.25
1264.31
1215.37
1226.36
1156.85
808.16
735.17
1227.59
1220.28
798.38
819.0
1063.24
1779.27
1309.16
2002.53
1230.94
1181.41
2129.48
1237.88
1141.15
1352.89
1917.13
1354.68
1372.3
1179.25
1339.99
1634.78
1797.74
1640.63
1310.08
1839.43
1516.91
1247.92
1808.02
2132.66
1471.4
1603.16
1399.85
1389.78
1878.36
1290.62
1405.75
1099.24
1384.69
1601.92
1224.66
1473.58
1677.25
1188.77
1715.04
1378.05
1286.64
1367.84
1182.97
1001.9
1675.95
1679.51
1536.44
1634.18
1664.28
1386.28
1985.91
1546.85
1296.92
1677.04
1317.78
1606.05
1279.11
1516.07
1353.84
1394.05
1409.53
1558.85
1402.03
1938.91
1371.51
1695.41
1829.06
1928.01
1734.23
1823.82
1728.77
1507.5
1444.21
1612.83
1578.21
1353.31
1165.66
1933.68
1670.68
1703.49
1031.3
1706.8
1619.93
1581.23
1797.94
1640.37
1693.79
1737.11
1152.59
1600.83
1344.47
1741.95
1848.88
1710.65
1677.27
1148.31
1454.21
1258.5
1784.91
1451.28
1577.43
1723.0
1141.43
1069.33
1031.01
991.17
1006.88
831.22
1173.45
1134.55
1697.54
1016.96
1066.39
1055.27
1004.88
977.18
1329.63
1271.72
746.78
980.28
879.51
1345.51
1037.73
941.57
1128.1
1178.83
988.79
1405.4
1308.24
868.04
1068.39
650.2
796.98
856.01
1901.82
1159.92
935.16
883.72
749.49
1227.96
1318.52
776.51
1043.07
1158.07
1684.04
1382.06
1043.22
1201.36
742.57
904.8
1326.27
1795.41
1159.18
855.08
1323.41
780.36
854.25
1118.17
1233.58
740.38
805.62
872.95
958.52
1510.65
1180.77
696.08
1398.05
1447.86
938.22
842.02
1001.16
1510.54
931.31
1245.76
1093.96
1226.15
1193.74
1101.26
766.31
925.28
1602.51
885.2
1268.45
1053.84
694.19
1244.47
987.14
1897.95
611.26
948.67
1290.0
851.59
1240.05
889.75
1035.22
1790.07
1254.63
1176.28
1068.69
1280.6
1353.75
1268.72
745.68
1128.66
1533.89
916.18
685.52
1101.23
1074.43
997.71
1267.13
859.73
1059.94
996.25
1419.58
1247.42
762.92
1485.56
616.27
1677.88
556.49
1255.76
685.56
916.88
1264.49
916.15
964.66
1584.57
863.49
526.7
1424.86
561.15
934.0
1359.7
1106.44
761.62
1533.37
948.45
1034.47
901.75
1004.35
1503.88
1149.72
734.66
650.91
719.84
1315.01
643.11
1014.99
1350.56
791.42
451.5
456.27
532.7
661.4
1021.73
779.48
1021.26
1063.94
561.78
614.7
1106.89
1092.46
877.58
828.56
1286.16
613.49
1139.21
1020.39
1064.43
461.26
930.6
862.32
1083.94
902.09
912.59
1227.3
1007.34
1266.73
1219.62
553.7
757.36
855.77
455.02
500.62
1131.31
880.74
1299.94
996.79
884.34
1345.87
552.77
637.24
601.26
1040.79
588.53
471.96
990.49
836.64
1165.91
1107.05
972.93
971.91
791.89
405.0
973.51
399.7
1230.45
734.91
962.47
696.34
887.01
852.57
766.07
536.98
437.15
940.9
976.44
1208.16
916.03
578.49
1184.27
1149.55
1162.25
541.6
606.38
528.27
746.89
667.13
1230.65
517.62
775.66
1025.17
700.95
842.67
482.79
668.62
1375.32
498.15
1109.4
732.91
708.55
924.39
806.97
357.6
566.61
529.94
1102.17
1177.82
559.89
1203.26
1068.14
968.27
1057.89
1204.32
1036.35
727.89
1160.61
1251.88
1313.85
1010.73
1264.26
1078.7
1084.3
1202.73
1019.5
896.26
877.63
821.77
1037.39
1184.4
862.0
754.6
935.51
1275.26
1369.22
902.33
1388.21
1157.22
1416.04
773.25
1102.12
984.34
840.38
758.95
986.22
1057.77
1191.91
1361.14
987.98
1179.09
1422.86
1122.13
1392.01
1481.18
943.88
1072.33
1092.84
1152.19
919.61
1006.07
1424.24
888.83
1237.29
1051.58
803.35
1014.26
926.53
732.22
902.17
1059.63
1350.9
1370.77
984.63
1174.41
1003.29
1313.19
977.46
1046.06
1477.36
838.53
1253.86
690.64
1026.49
738.95
1061.56
1070.02
1235.07
861.17
1275.84
935.26
943.9
884.53
1200.88
1091.33
1051.93
1187.32
1453.9
1059.72
1178.99
1499.79
735.33
1370.71
893.78
1068.73
1137.01
992.07
818.1
1118.53
1090.26
861.48
1784.89
1922.46
1689.71
1600.7
1621.11
1776.24
1647.84
2074.67
1990.51
2005.16
2000.49
2046.2
1821.47
2068.34
1699.93
1697.19
1610.47
1647.96
1872.01
1967.7
1886.86
1814.82
1912.98
1972.77
1658.59
1679.08
1891.62
1978.52
1464.54
2015.13
1661.55
1601.3
2038.17
2057.4
1995.83
1657.96
1499.78
1729.16
1821.2
1472.68
1810.13
1732.31
2031.14
1796.09
1811.6
1762.79
1896.18
1656.28
1785.43
2015.47
1538.66
1949.37
1623.33
1930.2
1765.84
1939.9
1970.7
1903.0
1639.27
1631.01
1669.76
1917.96
1631.25
1903.55
1984.3
1995.39
2057.24
1586.65
1804.01
1509.85
1781.77
1906.49
1921.59
2056.7
1700.03
2004.89
1857.57
1984.68
1697.94
1616.59
1685.09
1833.71
1575.92
1799.71
1828.96
1795.88
2000.3
1825.81
1609.3
2019.21
1530.31
1989.18
1748.48
1829.61
1668.22
1594.39
2035.3
1981.8
1514.74
1916.54
941.54
692.34
1087.17
2037.52
1000.41
926.06
1674.41
1766.45
781.11
1787.67
2198.25
1257.47
2029.86
1756.84
1256.22
2189.16
1324.92
1906.13
1988.96
2058.54
931.04
2215.8
1400.38
1891.85
1368.97
1237.22
1192.18
1274.69
2016.56
1844.8
1924.73
1173.53
2062.3
568.85
1385.1
1726.94
806.34
1911.2
1601.12
476.5
1752.44
1701.18
1226.8
762.34
914.79
1374.8
2214.38
958.96
1666.44
1151.86
1535.98
1125.67
1787.02
2164.2
1317.19
1463.79
1700.24
1713.65
871.66
2294.28
1502.01
1166.32
480.96
200.87
1466.89
796.94
1300.65
1805.2
946.35
1012.88
1597.9
986.98
1141.66
545.22
1458.34
1226.47
1826.29
1376.75
713.07
1134.7
1645.66
1215.36
1016.59
1838.32
504.0
1653.32
1449.2
1684.65
1232.87
1969.67
1841.15
1060.94
1404.34
1099.89
1241.35
1463.96
1757.54
782.16
696.34
1112.1
1767.44
1637.83
1741.19
1930.99
2102.75
1933.03
2001.27
1545.99
941.51
1419.4
1915.06
864.46
1486.67
1116.35
1236.04
1439.19
1571.29
1015.63
1380.33
1453.99
1232.05
1421.49
1479.21
1600.3
751.65
1709.87
1546.31
1549.86
1157.97
1921.48
663.17
1345.31
919.74
555.47
660.26
988.11
1138.01
665.53
1906.32
759.64
775.92
924.67
954.18
1913.36
1555.39
1890.6
2066.76
1292.54
901.21
1741.38
1324.59
1277.64
2168.82
1711.18
1703.19
841.0
1216.45
713.43
1473.49
1599.27
2034.32
1163.29
535.9
897.77
1191.34
1583.36
1015.38
1371.13
1690.04
2144.22
2055.63
2231.58
1084.31
2224.46
866.07
957.74
1503.66
2378.17
1691.88
1580.62
1182.7
1724.79
1570.62
1168.36
1462.44
1082.84
665.62
709.93
984.58
1514.93
2160.89
2077.69
1319.1
1102.36
1552.07
1608.16
1522.52
1858.86
843.8
1477.71
1277.49
927.5
2072.47
1578.3
1222.4
1528.36
999.95
1372.03
1240.15
2163.72
1144.71
1896.42
1755.17
1178.9
1586.3
2272.37
1894.5
1786.59
1381.95
1252.98
995.43
2306.41
2027.53
1747.03
872.95
1384.67
1164.43
648.67
1069.11
2090.18
717.91
1182.05
1367.19
1884.88
2094.34
1224.53
2074.91
2188.73
2230.57
1856.01
1179.22
1596.18
1472.63
1306.57
2190.27
1840.16
891.09
1628.77
1687.04
2069.09
792.73
818.32
2128.3
1674.87
1776.18
2397.9
1190.12
1822.62
1252.42
1846.79
1705.98
1932.83
1279.77
1591.43
1436.08
1392.4
1025.6
1193.48
1462.2
1515.13
1404.71
1293.67
1161.54
1752.88
899.57
1400.83
1426.33
1843.02
1845.11
1139.23
773.45
1340.72
715.37
1093.31
1041.5
1323.71
1488.91
1521.96
1336.77
1441.38
1502.61
942.77
2010.63
1486.51
1208.72
1295.89
1090.38
1898.26
1122.48
1791.9
955.5
1922.09
920.31
2302.02
1165.0
1654.73
1986.78
1814.64
973.16
1992.19
1801.66
1164.03
1516.93
1666.81
1368.38
978.27
1694.73
1733.99
1799.71
1318.86
989.23
1747.66
940.07
1332.21
876.58
1249.38
1647.81
1250.04
1850.95
1301.37
1473.91
1732.38
1781.15
1566.75
1643.44
545.55
1455.14
2112.54
1749.98
1038.3
1803.27
1137.0
1333.38
1811.04
1445.25
1141.74
556.32
1071.62
1997.72
1917.71
1461.52
1320.31
1935.42
1323.98
2090.59
1939.36
1438.97
1410.12
1084.68
1960.37
2060.4
1751.96
1957.29
1964.44
1140.62
1445.84
1563.69
1284.45
1871.19
1526.23
1142.64
1388.13
2186.61
862.13
1733.75
1252.46
2077.56
1923.14
1450.47
1292.64
1088.72
1844.57
1258.66
1188.27
826.49
788.07
1311.72
1059.21
1410.65
1676.63
1276.28
1128.26
1664.1
1095.77
1278.25
1294.8
1833.76
1783.78
1882.95
772.9
1747.72
1725.38
343.31
2304.51
990.47
1746.22
1440.58
1831.49
1970.92
1150.9
792.2
1604.24
894.64
1800.97
1482.19
1584.69
580.69
1201.44
1428.84
1352.3
1170.06
1153.51
1338.67
1928.91
1154.81
1412.91
1709.62
1288.7
2080.51
1643.43
774.08
1766.96
856.78
1365.86
2105.99
1798.3
996.07
1163.32
1300.94
1485.4
1728.07
1334.82
1172.8
1779.86
1700.75
2183.76
1910.7
1485.26
1733.87
1334.54
1585.82
1104.89
1206.91
1551.56
753.87
613.38
1785.48
1495.83
1815.4
1367.42
1766.89
568.09
1975.09
1446.87
1728.7
1718.64
544.08
1311.07
1655.72
722.9
1158.31
1344.86
1216.67
1815.9
952.42
1633.0
867.07
1410.58
1199.44
1355.0
1056.22
1551.3
1284.67
1589.36
1759.89
627.57
1495.17
971.5
1201.6
1530.4
569.69
1677.23
717.54
1181.11
1244.94
1297.28
1711.22
2181.93
2067.0
1172.12
1665.79
1926.55
1450.16
835.18
813.04
1126.84
1342.33
1561.6
1607.44
2113.35
1348.91
822.59
1805.58
1297.69
1418.47
1661.61
2056.52
1774.51
1808.59
995.79
1458.24
795.04
1272.39
1747.72
953.63
1347.51
1674.63
1113.37
1550.16
1580.08
901.28
1402.18
922.43
1060.06
1692.68
1030.6
1725.35
696.28
546.17
1588.1
1076.46
1751.83
1507.36
1619.14
1004.97
1849.48
1702.59
1353.22
960.7
1359.92
1986.32
987.47
1473.79
975.0
1716.55
2136.81
2213.08
2119.63
773.15
775.91
1488.06
1356.22
1184.6
1442.99
1991.27
1519.94
972.66
1627.31
1845.96
1064.52
1238.26
1402.51
1073.29
1282.15
895.64
952.16
1087.16
1259.06
880.08
756.54
1357.7
1555.62
1488.12
1777.51
1139.65
1459.86
1854.34
959.5
1502.87
670.21
682.2
994.37
1041.82
1028.76
1058.77
1696.05
1524.51
1683.12
930.48
1608.49
1564.42
1600.14
709.59
1295.45
2370.22
1825.64
1735.91
1674.43
720.36
1712.75
1370.09
1459.74
1027.27
1463.54
1867.64
1316.12
1409.28
1155.34
1114.68
1853.4
2014.15
1943.4
1295.36
1696.08
1898.79
1137.82
1129.46
811.31
2003.82
1098.74
1749.29
1029.46
1434.59
1731.35
1804.93
983.45
2010.64
1167.62
1614.64
844.67
1068.96
2233.81
1720.12
1859.36
1912.47
1485.97
1271.66
1921.82
1254.1
1292.0
1169.39
1344.16
1766.51
1743.91
1065.58
842.06
1594.88
1063.34
1405.7
475.05
1064.17
1051.03
1141.61
1879.17
1070.15
1364.14
1553.91
1929.57
1207.93
1981.48
1860.78
1146.62
1596.23
2072.62
1105.93
1663.43
1432.21
1840.7
598.05
1678.49
1313.45
1151.6
1380.53
1766.55
1287.54
728.35
1326.01
1070.29
1629.17
1853.05
872.41
1994.86
1211.32
1684.54
1099.38
1926.9
1379.61
2377.04
1175.13
1294.38
2007.9
1768.83
1096.92
788.58
1295.43
1825.61
1151.64
1493.09
1028.06
527.48
1745.95
1347.52
857.82
1814.17
2248.43
802.27
1061.39
1646.17
1590.01
862.26
1734.76
1114.51
1104.42
1247.47
1284.54
1004.13
1456.67
1347.88
1447.33
1294.15
1792.82
1715.24
808.92
1160.53
1343.26
1812.76
1448.22
1155.08
1225.43
778.56
2076.06
1455.48
921.6
932.27
2176.77
1422.67
1939.66
1716.42
1702.8
1252.67
1111.3
1928.34
704.98
2084.85
1517.13
1657.04
850.57
825.57
1269.62
1327.77
2050.86
1431.9
2234.72
1315.28
1120.79
1781.72
724.33
1177.32
2119.64
1769.27
1029.99
769.67
887.67
1015.16
1048.44
1054.56
1671.59
1119.5
1906.74
760.71
965.49
644.26
1878.94
1484.09
1266.12
1531.11
2338.36
1384.97
308.66
1288.52
777.45
1117.36
1435.98
1401.43
1188.76
1671.36
1897.89
2071.17
885.52
509.0
1129.88
1610.29
1849.1
1234.23
662.6
1548.06
446.56
605.3
1677.32
1485.05
899.81
603.35
1006.41
1383.85
1312.37
999.89
1684.91
523.46
864.11
1304.68
1619.3
1672.01
1854.99
1236.17
1458.35
1547.3
1030.34
2023.95
852.35
1242.71
1372.56
1664.23
1936.02
977.67
1600.22
1671.8
1305.81
1608.09
1980.06
1786.59
1027.8
1577.43
1023.92
1354.96
1411.97
1535.42
1282.25
1594.54
1844.05
2333.0
1723.16
1588.25
547.34
1371.35
1258.62
2309.38
1546.3
1212.44
1234.56
1031.56
1597.14
1885.04
1736.27
1414.04
1913.7
1446.4
2385.17
1812.92
726.4
1112.98
1126.57
906.25
1440.79
1072.19
1210.09
1468.02
1154.44
1594.45
1276.3
674.53
1162.92
1472.21
1031.35
1609.15
1367.22
1043.63
697.69
1050.73
1469.99
1270.03
1440.5
1277.33
1874.62
1679.72
701.53
1602.52
1067.91
1333.22
1337.45
937.96
1481.23
1202.26
2012.35
2285.17
1977.79
1446.05
889.64
1617.1
1433.14
1041.87
1386.42
1534.66
878.26
1529.45
1700.25
2087.39
1759.26
834.81
991.43
1308.79
845.5
1834.24
938.61
389.14
1182.68
801.41
1717.36
1205.22
1398.43
934.5
1302.55
1581.16
1272.0
752.98
1741.22
1882.89
1081.14
1793.58
1920.29
1443.49
1780.26
495.01
1027.73
1854.49
1048.51
1396.46
1079.71
715.18
2038.46
1281.22
1209.37
883.8
2245.59
730.38
1658.85
1532.06
933.17
1599.24
1769.54
805.62
1338.36
603.97
1168.26
1598.76
2174.52
692.85
1915.14
816.27
1574.46
1257.56
1379.48
1838.29
1005.78
1133.71
1697.53
1381.4
793.14
1260.49
1986.56
1829.36
1212.27
2048.2
2204.23
1295.26
1074.42
1150.64
1463.15
1303.87
1286.89
1282.78
1764.93
1912.76
1448.62
1603.53
2024.62
1558.95
1613.25
1755.73
1311.07
1010.56
709.31
1260.8
1676.42
581.13
1355.86
1419.21
1418.81
1690.64
1780.35
1980.09
1526.49
1612.74
1697.93
1314.63
1981.04
1643.43
2251.32
643.23
927.45
1378.91
1872.38
1745.16
1469.55
2144.16
1251.89
726.15
909.02
1709.63
1943.67
541.68
2014.69
1153.97
783.86
1759.06
1507.23
1149.34
779.31
2017.12
1340.9
2089.35
2125.54
1294.39
1677.94
1277.2
2145.51
1432.04
1046.22
1029.08
1054.26
1311.06
949.03
1385.57
1819.76
934.99
2267.5
1261.02
1420.3
1595.83
1605.21
1934.36
1444.72
2071.57
736.65
1500.71
953.95
1675.88
1629.5
1599.52
1516.94
2058.18
1221.93
1049.23
1225.85
1398.99
1357.46
2114.38
1458.56
1174.36
793.83
1572.64
1646.13
1494.86
823.01
1246.9
952.43
716.02
772.75
1146.51
542.09
1038.36
1122.04
1273.96
650.99
732.91
612.21
1535.42
783.75
783.93
1279.53
1601.17
1839.89
1728.57
1394.95
1636.76
1257.89
1397.76
1327.45
963.12
1871.52
1377.1
1238.11
903.7
1566.33
1361.86
1102.82
707.13
1326.79
1575.42
1646.0
928.33
1838.33
1050.31
1772.25
2240.4
1006.98
1632.22
1637.44
738.99
1048.94
1059.63
1458.94
1102.89
1037.9
2012.97
1938.21
2078.93
1231.04
1623.68
1894.57
1335.69
2101.81
1718.21
2045.72
1476.38
934.56
1533.52
1131.87
1191.76
1561.36
1118.61
1390.36
1130.05
1467.11
832.65
1467.86
1483.98
694.36
700.68
1143.81
1497.48
1584.47
721.36
809.78
1625.57
1650.95
1903.18
1066.65
2335.68
1833.35
2150.27
1447.21
1361.42
1183.8
886.94
1140.72
1629.03
772.92
1764.62
644.02
1640.49
1724.68
996.84
1199.7
1217.27
1201.81
1778.03
692.24
1451.21
874.22
2023.78
2035.39
1258.22
984.55
960.46
1464.54
228.78
953.34
1984.48
1579.65
1009.03
1640.44
1881.32
819.05
845.43
1937.14
1807.66
1461.45
1877.62
1838.45
910.43
1948.73
1760.96
1930.46
1803.74
1250.13
1371.39
2297.14
1079.25
1714.54
1070.82
1918.61
1254.23
1022.5
1401.85
1761.58
1441.53
1005.49
1043.55
1687.98
1429.85
988.87
1233.6
1290.23
1707.86
1716.92
1513.18
692.6
304.06
919.3
1728.93
1823.33
1943.74
1392.14
1401.84
2080.42
1663.87
1875.8
817.28
2097.13
1824.54
1151.65
1894.35
2034.54
1001.14
2044.2
1092.37
1125.8
1485.2
1114.62
1710.18
1332.38
1489.85
1307.12
1551.76
414.12
1953.87
1049.22
1039.72
657.08
1080.63
1870.46
1726.04
1829.2
1464.57
1999.39
1135.11
967.46
1556.28
1845.87
1439.33
729.07
920.14
1681.03
2023.96
1122.95
548.97
1572.95
613.34
990.69
1852.47
1231.23
1826.41
901.29
1458.0
1843.22
2031.66
1292.65
1056.26
2045.86
1451.55
554.48
1835.55
1954.93
1819.79
1753.64
918.36
1564.44
717.8
1370.47
1612.28
1222.24
1202.23
1792.87
674.3
944.27
1078.45
1543.18
1286.93
1832.7
1144.13
1655.01
1544.6
1590.75
1978.57
865.64
1933.33
1150.11
1442.41
799.09
1841.54
1370.89
2002.18
1837.33
1009.59
1618.21
1227.63
1931.11
1828.51
1280.85
1469.5
869.43
630.37
1042.44
1430.13
1103.78
1260.48
1961.85
1011.6
1387.7
1086.43
1620.75
1023.66
1729.78
2079.36
1598.52
1911.64
1203.51
1600.11
1081.92
1498.54
1141.16
2115.29
1530.56
1073.04
1294.44
1384.47
1987.72
1213.35
1854.13
1726.06
1070.75
1290.75
1246.84
1734.29
938.32
1233.92
1104.69
1516.76
1884.68
587.24
1145.06
2114.15
1897.73
1026.74
1337.17
874.95
1109.94
1765.25
1641.29
1403.12
1354.56
970.11
1053.11
1639.71
1018.63
1777.37
1391.12
424.57
1076.34
1456.6
2237.33
1807.99
1287.8
1927.84
839.49
1679.72
1507.62
1512.87
1186.21
1474.15
1038.88
1679.06
1580.33
1665.51
1631.19
1338.03
952.43
792.48
1837.87
782.56
1433.61
1002.6
1053.58
1114.83
1438.46
1115.21
910.25
1537.01
931.47
2194.6
1168.75
908.63
1656.94
1461.3
1760.24
2169.7
1235.17
2008.13
2284.33
1543.54
1202.58
561.47
1422.51
1593.7
1748.59
846.93
1523.43
2013.16
1129.71
1321.3
923.95
606.13
1436.5
911.0
210.56
864.38
1834.9
1959.99
1306.31
2152.13
1458.93
1702.32
1473.68
1114.47
1550.22
1483.35
1030.34
1136.72
1381.89
1895.85
1784.76
1554.99
1068.6
2084.76
1335.27
1215.84
1228.72
814.47
1800.86
1120.47
1720.13
2336.94
907.93
1920.81
199.35
1811.02
851.43
1841.21
1765.52
754.55
1850.26
1831.34
1240.42
1217.44
761.41
1196.78
1996.25
1208.4
1386.43
1788.52
887.06
2025.16
1467.45
1414.05
319.54
1970.75
551.59
357.6
1821.01
1141.36
1699.64
1468.48
1239.89
1685.63
1379.26
1403.56
1594.29
1029.29
949.42
1736.32
723.67
1365.78
1098.48
1309.38
1468.45
1541.21
2014.94
1213.81
1148.1
1412.11
1867.23
950.76
827.92
1185.03
1525.3
870.31
1146.87
1462.78
1296.77
1997.66
1091.05
1900.09
893.97
1696.63
2040.18
1457.53
990.41
1508.55
999.78
2279.77
1559.05
816.48
1341.23
1086.28
1093.38
717.58
1204.35
513.87
2054.96
2071.0
1789.57
1748.28
1634.77
716.17
1694.14
1753.07
1300.59
582.31
1266.04
1621.8
719.43
1027.56
899.44
1108.28
1247.55
1723.47
1477.17
626.22
761.65
2280.54
1102.75
1933.57
2123.09
826.67
1346.97
2136.62
871.76
947.46
1504.52
1809.87
1638.1
1427.76
1259.43
2035.71
1749.27
1709.04
873.16
2065.73
1636.08
1504.64
1629.93
1343.23
1452.1
1927.96
1630.71
1119.77
1298.37
1901.36
1028.96
661.46
1185.2
1054.86
1105.52
303.07
1385.62
2020.51
2005.68
1407.55
1387.89
1670.6
1978.37
1723.32
1333.83
1045.98
754.08
1986.01
1597.62
1527.0
1492.01
752.11
1825.83
2160.91
1407.77
880.25
1333.65
1533.69
2133.34
1144.63
1248.13
1477.47
1019.68
1656.25
2196.79
1584.32
1963.01
1606.76
1102.56
2173.03
1164.19
1656.32
1516.19
1260.11
1307.53
1480.45
1435.08
1244.49
1247.86
1507.14
1609.13
1401.12
969.89
1077.8
1894.2
1856.28
1760.16
998.62
1637.86
926.27
929.22
1722.21
656.06
1769.78
903.41
1273.71
754.33
1759.75
849.11
520.7
417.16
1833.78
1719.63
806.98
1643.21
2192.57
2042.71
1430.59
2123.27
1504.76
1319.2
1723.86
1140.66
1789.94
1260.91
749.24
2130.73
1613.58
1613.9
1590.28
2379.11
1518.89
1704.66
1489.24
1016.62
1360.45
1493.36
1485.69
1317.16
1056.34
2320.89
1571.68
1273.72
1462.07
1514.91
1383.22
1792.23
1245.93
1018.8
985.52
1328.37
1827.33
825.09
1631.17
898.63
2418.12
1879.7
1465.21
1700.79
1411.9
1733.82
1672.53
992.46
1110.16
1423.83
525.83
2281.22
2122.94
2276.96
1606.45
1863.78
1329.46
1186.0
2037.32
345.85
1559.52
1635.33
749.05
2094.51
1935.17
1307.72
1483.77
1534.84
1626.93
1048.93
1312.15
1857.01
1553.59
1340.12
1856.14
1169.89
1282.62
761.47
836.82
612.78
1475.03
808.91
1140.33
977.81
1389.75
1942.83
1561.72
1579.96
2073.5
1205.3
936.93
1492.91
2051.87
615.32
668.27
1359.97
1869.53
1511.12
1629.73
2059.31
815.83
637.05
1702.89
869.73
1627.37
1092.95
2161.28
1605.77
1498.03
1755.9
1566.02
1232.14
1891.46
2274.18
1475.81
2043.28
1075.43
1547.84
1730.81
1407.98
2165.6
1386.68
1279.08
996.15
2231.61
1032.7
1224.84
1273.04
1213.28
1262.16
1109.12
1254.65
1750.82
1740.24
1361.78
1952.1
1352.41
1098.45
1271.28
720.84
1610.31
1212.94
2261.06
2166.18
640.2
798.64
1224.97
2171.18
741.15
2076.58
901.21
1624.39
947.78
919.75
1797.07
1090.38
566.18
1903.3
1632.12
1195.03
1128.52
766.84
1246.74
1318.47
2158.48
1526.4
1468.18
1544.97
1494.84
1949.22
1550.87
1697.28
1975.69
451.18
1581.35
1616.46
1614.35
636.7
797.4
1856.26
1557.28
1820.4
1329.26
1141.78
2089.8
1832.82
1753.04
1746.38
1700.73
1153.43
1938.11
1366.32
1672.85
1557.46
830.27
966.56
1740.2
2232.7
1577.79
2031.83
2285.15
2243.03
1442.18
1711.59
1015.37
1156.95
1215.58
1195.57
1149.6
1258.76
2046.78
902.94
2081.86
1301.55
1481.95
1819.7
1130.05
1586.8
524.85
653.5
810.68
1075.12
1013.88
2077.0
1771.44
1868.33
1278.86
1728.8
1307.99
499.35
1063.95
1841.73
1396.51
1442.15
784.52
951.27
1210.8
838.91
1311.92
1119.46
887.29
1676.85
1779.68
2112.82
1021.17
877.67
611.81
793.39
2065.7
1651.95
1873.21
1446.27
1766.18
1533.06
1636.03
2224.97
1320.52
1713.64
1357.89
1708.56
1102.62
1426.01
1461.17
365.38
1714.75
1944.5
1255.27
1150.08
1215.54
1413.62
706.22
1465.86
1253.88
1153.69
931.95
1691.58
1963.59
1328.73
721.98
1561.93
1984.49
747.45
1712.8
1679.92
1241.19
1073.31
2070.91
1819.23
1116.16
1888.94
1667.51
763.74
932.94
1569.91
1116.58
936.2
2265.18
1664.11
1147.97
1385.95
2090.38
904.5
860.46
1637.27
968.36
988.67
1762.94
985.75
499.73
1447.6
517.85
1263.96
811.7
1524.84
1551.29
1511.52
1126.32
1170.24
555.31
868.63
1541.64
2026.67
1681.95
1301.9
1959.48
1344.69
1502.48
1584.2
1382.88
1308.9
468.69
2333.93
1157.48
1027.2
882.59
871.96
1774.2
1173.66
950.16
1656.62
2070.7
1185.85
1471.96
1569.45
1487.88
1603.68
1350.76
1264.54
2045.04
1509.88
2171.38
1205.17
1610.77
1103.85
1407.97
1539.4
1817.17
1249.4
1450.58
1782.14
1070.11
1816.76
1505.64
1297.85
1241.03
708.17
1311.84
915.83
2298.1
811.03
1497.54
1783.51
1879.12
2200.86
866.79
1069.68
1321.87
1368.97
1223.85
1130.42
1439.65
1370.41
1087.28
1604.16
1251.37
784.24
941.37
743.16
1100.74
2206.34
1166.98
723.46
2126.08
1242.75
1762.81
2379.82
1930.55
1439.43
1280.03
1344.95
742.08
668.25
1383.31
1705.61
1552.52
1485.07
2345.64
1374.09
1964.78
1445.03
1532.26
886.02
1552.99
1188.91
1419.54
753.66
1663.59
1453.26
1335.0
1797.36
1031.77
2155.74
2317.47
866.8
1203.89
1563.83
1692.03
1952.03
1348.42
961.56
2139.84
1616.23
1947.28
1271.92
1443.16
2261.69
535.02
733.56
1146.57
1129.32
1518.11
1531.9
1712.82
814.78
1371.06
1726.99
689.46
1709.45
1273.35
1746.77
697.05
1372.63
1499.17
1108.08
1068.41
2154.19
1484.92
1137.28
905.56
1256.04
1593.35
1815.36
1364.88
528.42
887.43
1173.87
1297.78
1113.73
1932.49
1320.38
1780.39
2027.8
1929.57
1256.63
1506.26
1095.83
1725.21
1859.45
1516.84
2107.66
2342.29
1878.88
1913.84
1187.32
1676.56
1954.95
1568.28
1068.3
2170.64
1669.84
1891.26
1432.61
1658.33
2253.82
1294.41
1570.76
1281.39
2068.22
1379.74
1497.78
754.02
848.7
1478.09
1243.58
1181.04
1481.12
2059.12
1779.03
1466.13
1625.95
1035.21
1209.73
2351.34
1906.42
1486.31
1788.61
1451.78
1463.31
1460.27
1616.43
1180.03
1645.0
1279.87
2071.03
2017.03
2098.91
1220.16
1130.37
2090.73
1141.28
1747.39
1190.22
1791.21
778.9
1129.01
780.38
1364.34
1388.17
1703.4
1005.54
1290.14
1807.58
1807.61
2239.91
2126.3
516.54
976.57
690.99
1194.47
1763.37
1344.38
1522.02
1951.66
613.69
919.61
1766.98
1811.53
1537.26
1677.85
579.55
951.84
1268.67
1314.61
1279.32
1597.38
1484.05
1355.25
1288.45
1712.71
830.27
1356.31
1637.25
2077.21
1736.28
1590.42
1200.3
1349.7
949.3
1667.35
840.75
1271.66
1247.51
1768.15
1038.26
2094.25
2069.75
1287.46
1884.03
955.07
1559.49
1583.56
917.72
1741.7
1681.89
1750.87
1491.73
1416.5
1508.01
1279.74
1411.25
1412.39
1693.46
1226.74
1359.47
1087.05
1600.35
1065.41
2141.86
839.22
765.74
1888.69
1109.32
1213.18
765.97
1211.92
1359.21
772.1
821.45
484.07
901.61
1983.23
823.96
1448.81
2100.24
1855.98
1394.68
2143.8
2009.0
1272.31
1042.03
1760.16
1220.77
2023.42
856.66
1763.26
1348.75
874.9
1161.18
1204.74
1357.59
1425.02
1238.77
1656.28
1450.28
923.51
742.14
1211.1
1402.14
1495.42
1004.52
1173.73
1217.18
1035.17
857.26
1326.84
417.34
1449.57
1514.82
1012.08
1698.5
1154.58
2107.3
1170.61
1298.75
1919.54
1293.39
1389.65
1887.16
1571.34
1609.26
876.02
1579.79
962.58
2001.21
800.33
1350.36
1922.37
1458.3
1836.58
1581.52
1488.0
1797.52
1268.3
2428.87
2019.63
1163.08
1821.91
1766.06
892.03
1219.35
1408.11
1711.15
680.74
347.57
828.36
801.28
1728.14
2072.99
1185.38
1089.64
1941.8
1296.06
1040.91
1410.68
1899.87
1367.02
2282.36
1157.59
1303.02
980.66
1828.4
1585.16
1746.83
928.4
2091.97
1420.49
803.96
1834.85
1708.75
867.75
1670.54
1569.52
1421.71
2291.61
1373.15
1591.15
1341.84
1514.59
1189.56
1664.4
1855.47
1552.23
1310.42
1747.18
2026.99
1858.48
2305.67
2259.65
876.33
1263.9
1849.11
1221.36
750.22
970.92
646.61
1708.39
893.08
1159.32
1795.76
969.32
1262.92
1698.43
1578.26
666.67
968.8
1453.16
1426.2
536.48
669.74
2114.64
1893.16
1788.27
2157.33
1292.05
716.89
2041.39
1599.35
1264.79
2245.28
1403.47
1776.65
892.2
1811.98
1535.5
1681.23
1572.78
1307.84
1569.48
859.34
2159.04
1828.1
1626.01
1699.66
1603.16
1572.17
989.63
731.48
1595.14
1241.49
1719.9
1487.07
1947.49
1554.19
1043.08
1600.04
1307.59
1033.85
981.78
2028.25
2255.32
1151.8
1041.98
1323.55
1250.33
2352.57
752.49
1664.79
1366.2
1766.73
1112.25
2093.04
945.03
1220.5
985.09
1320.41
1606.58
645.55
976.38
1365.19
794.38
1971.29
1654.49
1812.82
1351.49
994.62
1183.62
899.0
2374.88
1312.99
1459.42
1189.59
673.71
2001.9
1357.6
1174.13
1191.3
1085.9
1951.23
1342.66
1639.69
1838.38
1036.88
1098.06
1891.8
1324.22
1480.96
2034.37
851.59
1603.28
1372.32
1342.19
1499.22
1228.56
1044.91
1401.59
573.34
1357.16
1702.75
1086.27
1436.37
1144.13
2292.15
1228.65
1310.83
1862.23
448.56
802.13
1312.28
1423.42
1842.39
622.72
811.56
1114.97
1868.79
2076.61
1448.51
2049.42
1736.8
1194.58
1612.45
2045.75
1492.19
1318.24
1370.18
1343.6
2292.52
1140.03
1722.3
1605.43
1811.59
1390.96
983.42
1445.24
1743.83
1358.89
1375.2
1125.18
2023.42
1435.55
907.56
913.35
1728.49
1767.97
1724.41
1287.48
2202.56
1533.26
1912.68
820.4
1497.39
894.3
1381.87
1381.82
1361.24
1256.9
1309.95
828.24
1889.37
937.34
809.44
1556.94
852.44
1396.24
1793.41
886.6
1362.48
1998.31
1188.59
1605.13
1106.99
764.63
1457.7
731.06
2329.28
1634.44
1007.23
1717.65
471.86
1600.87
968.92
1167.55
1673.0
2305.59
1138.72
1042.27
1144.64
1814.14
2025.91
1566.29
1689.49
995.85
1973.09
1773.61
1597.99
1353.49
1680.96
830.43
1522.12
900.62
1565.55
2234.54
1660.52
1987.64
1632.38
1340.65
1003.79
1038.95
1944.51
1707.37
1676.27
606.43
1058.78
1880.7
1150.76
1384.02
1597.86
1978.17
319.42
1979.37
2373.71
2099.81
1127.1
1326.25
1289.86
1929.2
1795.04
2118.64
1634.47
1390.45
887.88
1387.57
1274.55
1254.12
1613.05
258.08
2055.84
936.37
979.02
1617.16
835.71
1723.39
1462.66
2048.89
2021.37
987.79
2112.54
1364.33
2202.61
802.53
841.44
1220.06
1848.37
1403.21
772.02
1487.17
2264.3
617.3
1586.12
1169.76
1783.01
2023.88
1484.28
2207.32
1558.37
1251.5
639.33
622.0
1425.75
2278.23
1472.27
1977.58
874.37
1420.41
967.73
1844.26
850.58
968.23
1353.99
2198.05
898.91
1486.13
1954.84
1200.56
1848.55
1031.75
1376.15
1041.44
2147.61
1163.43
1460.28
2127.23
1452.66
778.63
1367.56
1601.28
1320.67
1824.09
1747.56
1182.23
740.65
1910.73
1180.75
1501.17
1190.0
1000.62
1114.65
1421.78
883.2
1123.3
1854.43
1244.24
963.25
1407.87
1319.53
1119.74
974.97
1758.46
1459.92
1362.64
1617.61
1589.89
2083.7
1464.69
1665.15
1991.05
1690.74
2039.56
1299.92
1138.4
1646.63
1797.89
2070.21
1244.3
1969.54
1994.09
712.68
1768.4
934.23
1470.83
2143.7
1507.14
1004.65
628.77
1027.45
1494.35
1186.49
1723.59
1641.41
2126.34
1442.12
1993.84
646.93
1263.91
1448.18
1179.71
1243.79
961.4
1324.49
1772.22
1602.45
755.31
1129.22
1039.09
1031.5
1901.57
1710.03
1441.91
1514.47
1423.41
1572.51
1172.38
878.79
1703.04
1246.58
2115.28
748.12
1151.33
1954.95
805.68
1824.97
1200.38
1443.33
1175.43
1679.18
1169.36
2169.82
1642.54
969.16
1749.44
1005.32
782.52
1789.58
1286.82
1967.56
2090.7
1327.88
1012.64
1525.25
420.87
1564.79
1278.12
1732.73
1694.72
1285.08
1358.05
1900.51
1051.2
1832.27
1938.65
795.83
1323.75
880.37
773.76
1888.54
1495.09
1319.11
1316.47
1663.24
1327.62
2114.51
1260.68
1379.83
1445.05
981.19
1535.67
821.89
1748.59
1655.48
1132.29
946.27
1262.44
1398.87
2238.67
1642.4
2146.74
1868.28
1752.96
1740.96
985.51
2096.01
1344.1
1014.34
1201.89
951.34
1640.68
832.15
1619.1
1726.88
1616.7
1505.16
1532.53
2183.84
1616.62
1512.79
1168.58
935.82
1100.16
1236.95
832.92
2099.63
1671.39
1243.73
814.6
796.69
1926.07
1536.94
936.56
1114.04
2181.87
2406.88
1214.59
1477.42
1460.55
997.25
458.86
1882.86
1216.13
890.73
1286.41
1205.22
1781.1
1726.17
1123.84
1510.91
1817.78
962.02
1152.79
1316.76
1163.27
1682.2
1768.81
977.66
956.73
813.39
1597.55
1924.42
2218.86
1594.64
1923.24
754.68
1759.44
1653.27
876.39
871.19
2004.06
781.72
1803.1
1622.81
1871.56
1564.82
957.7
1075.37
1694.53
1379.54
1050.96
992.9
1264.39
1089.08
1403.11
1209.9
1750.78
1470.67
1037.95
1202.24
2068.07
1823.54
1324.48
335.65
455.41
1897.48
1479.21
1350.1
1752.06
975.09
1635.78
833.73
1212.34
756.35
2259.07
981.64
1890.09
1025.9
759.38
2004.35
677.0
718.77
1507.61
1432.9
1502.57
783.25
1604.07
1119.95
672.03
1652.49
2224.48
1116.93
1968.05
1606.27
2318.65
1116.09
1643.89
1441.62
1100.89
1367.41
1740.69
1349.37
1404.07
1447.95
1173.12
758.03
809.25
1237.44
1285.12
1910.35
2040.49
1333.9
1018.69
1341.89
1305.26
949.28
1333.42
788.9
1133.36
1964.55
1035.57
1650.68
1591.07
707.6
960.99
1713.19
943.39
1610.22
952.43
1357.57
2077.43
1597.82
1922.73
1502.64
2005.12
1065.21
286.22
1747.08
1866.88
1921.2
1273.38
1202.28
1710.19
2173.53
1567.48
1926.69
1341.37
1812.99
969.95
1990.86
1402.27
1142.97
1571.36
1647.01
1480.78
1807.63
1893.68
1893.13
724.73
1554.69
964.77
881.97
898.18
1831.34
2141.04
1140.65
488.59
1653.26
944.06
1724.33
1928.77
1582.46
1162.87
1552.17
1573.66
1089.07
1536.26
1722.96
1323.36
617.35
1314.29
1514.82
1175.09
811.76
1403.93
1117.62
1801.68
997.17
1648.32
1310.13
2338.92
1594.74
1316.23
1992.73
845.64
1678.71
1531.65
1408.52
1707.66
1730.83
1569.84
826.56
1411.31
1069.34
775.49
2205.64
1157.31
1863.05
1260.85
1442.52
1073.91
2249.18
1233.09
2208.71
1482.38
1721.03
1904.18
760.13
1258.71
958.99
1058.55
1279.77
1265.17
642.15
1660.88
1605.28
1215.41
1337.68
1381.03
1275.6
2279.97
1590.13
658.88
831.49
918.28
1588.28
1078.47
1350.61
1641.48
1134.49
360.47
1202.9
1821.52
1116.98
1613.21
1140.38
1561.61
1816.85
1579.63
743.91
2378.52
1580.02
1539.57
1472.53
1093.82
1825.15
1377.56
1875.19
1822.39
485.63
859.3
375.88
1515.73
826.65
1024.17
1961.6
1881.76
1286.73
1417.37
1282.57
2147.8
1621.08
416.93
1380.0
1509.92
2246.26
822.97
1779.68
1669.38
1798.79
1426.53
1508.61
795.62
1140.52
823.24
1506.35
1181.44
1215.82
1324.56
1513.18
1241.92
1717.4
312.86
1586.14
1477.7
1622.73
1300.3
915.99
1127.47
1512.26
1320.76
1486.11
1337.2
1256.33
1135.32
1403.82
2086.26
1220.72
1635.4
1137.62
1246.46
1860.57
2149.48
1353.08
1255.97
524.83
1362.25
1041.23
855.94
1393.91
977.88
2019.51
1809.79
942.86
1580.28
1200.17
1775.32
951.92
1584.98
973.91
868.93
1787.55
1835.82
1258.13
2108.76
972.3
845.71
1010.11
1722.32
616.02
1442.21
1214.35
1152.37
1973.65
2254.85
872.81
933.22
1032.42
1354.41
1488.2
959.69
822.87
804.3
2148.68
1654.32
1918.32
1653.44
1356.25
2204.98
1442.72
1271.18
1110.44
1649.18
1296.68
1429.07
775.37
1054.92
1480.65
890.78
1974.47
1398.78
877.46
1032.17
1162.13
937.81
1103.96
1266.23
2007.52
1315.77
818.72
2044.16
1188.06
1627.66
1601.15
1774.21
1285.07
851.54
1318.69
1280.14
1564.99
802.23
1066.82
1669.92
1629.15
1477.36
1910.49
2106.42
1845.24
1996.57
1361.5
1507.52
1268.15
1517.64
1456.85
1451.21
1048.29
1457.5
1100.46
859.1
999.84
2047.41
1016.45
2058.62
2042.56
1916.76
1195.58
1311.5
1252.93
2266.02
404.29
1106.41
993.2
1193.58
1233.5
1622.2
1261.42
1193.56
1075.15
925.48
1777.09
2147.69
1599.89
1889.83
1604.55
1844.65
1676.66
2029.55
1333.6
1799.33
535.76
940.77
1334.15
1042.5
1160.59
1429.09
1580.06
1278.12
1429.56
1520.93
988.15
1533.53
1348.37
972.07
1475.31
1981.54
1798.05
761.23
824.84
1524.68
821.56
1179.66
614.18
1044.66
1454.17
1776.2
1178.38
941.61
691.0
1475.57
1098.61
932.89
1060.94
1708.9
1333.26
1424.92
1396.47
1217.08
1009.36
778.22
1808.63
1323.39
978.74
1572.03
2263.69
811.22
2245.31
1493.36
1296.89
1066.29
1380.22
1514.98
909.47
1142.95
1971.09
1051.88
1088.26
2204.7
1156.92
1091.71
1710.09
1678.42
1822.16
1515.83
969.06
1396.54
1918.59
1422.46
1235.23
1651.35
625.74
612.88
1753.96
1358.65
1289.29
963.22
1701.41
1222.52
1157.4
1268.2
929.43
1362.52
1851.14
1302.19
1438.4
1631.75
1538.05
1018.15
1774.61
1723.8
1573.71
2008.94
1955.66
1376.87
1620.91
1676.41
1843.79
1657.65
1163.23
1908.78
1185.15
1218.02
1578.22
1230.06
1508.88
1166.42
1138.71
1040.08
2084.98
1659.99
1158.18
1782.86
971.43
1187.87
1005.83
932.45
1198.12
1047.17
1457.4
1139.3
1034.39
1017.1
709.61
857.46
1448.49
1300.6
2010.28
1196.53
1705.43
1184.8
1985.33
932.36
1131.02
997.79
1045.95
1669.61
1887.35
2187.89
905.54
1772.42
850.39
1056.38
2144.75
1559.53
1150.19
1166.32
1339.96
1114.83
2098.97
1608.01
977.17
1900.15
2372.16
2189.0
1286.26
1218.51
1253.11
1406.02
831.18
1201.7
1067.59
1115.29
704.03
2121.2
1822.03
1015.8
1178.41
1217.94
987.74
1192.59
1974.8
1497.44
781.91
1440.52
1426.19
1082.38
743.53
669.84
1857.91
1412.94
1803.01
1724.22
847.28
2057.6
1339.27
1223.18
1394.79
2142.99
1657.32
1575.74
1262.49
905.5
1258.83
1371.74
1609.71
1607.33
1644.71
1229.42
1562.58
1887.38
1581.47
1817.03
2028.25
1482.77
1003.24
2306.58
1776.96
1158.52
1003.0
813.54
1940.2
1076.85
1632.18
1848.29
1489.31
1527.92
960.21
1391.5
1688.95
910.73
874.39
1541.89
1012.38
1806.57
1285.65
1546.77
1063.36
901.38
1165.47
1579.66
1681.2
1312.16
1522.31
1631.11
1615.22
1564.25
1542.25
1157.59
1889.25
1069.98
1929.86
1877.85
1761.26
755.81
726.3
1775.85
1451.78
929.43
1252.88
1508.16
1744.53
1851.05
1732.24
1539.0
1574.19
1248.5
1899.94
1889.38
1794.91
1417.96
1118.85
1376.19
1139.57
1237.15
1269.4
1216.85
1038.22
1216.6
1559.93
1019.74
1993.95
1685.41
546.07
789.88
1576.9
1130.6
1335.48
1595.66
1617.95
825.63
1444.0
1558.63
1003.32
1417.28
1732.53
1121.54
1711.54
1594.68
1947.66
1563.32
1156.37
1801.44
1683.42
1834.04
1031.66
760.82
826.25
2082.74
1119.52
1223.31
1629.56
1068.83
2086.9
1701.34
1505.22
2174.63
1827.67
1474.22
1200.5
1490.16
1313.17
1024.82
833.36
830.5
1989.25
2024.07
753.09
1616.98
1131.4
1343.22
1156.77
2018.32
2284.72
1896.4
1146.28
2212.53
1116.22
766.47
619.75
1481.91
1089.48
907.56
1284.91
1724.24
2193.16
1688.8
1873.37
1380.11
1131.61
1412.53
1500.0
2126.74
2117.98
1040.79
1053.07
1717.61
1633.91
1586.64
1519.02
1220.56
2021.9
1208.34
1288.81
1625.61
567.44
1142.62
1294.57
1278.64
1054.96
711.57
1237.34
1943.58
1400.92
1018.81
1578.98
932.64
1461.22
1175.08
1517.89
1109.97
1989.23
2108.8
1716.08
1263.81
1584.16
1105.62
1537.62
577.17
809.7
2310.24
1191.05
1719.12
1037.07
1603.07
436.42
1426.02
1221.69
1139.46
2225.71
2134.64
452.27
1535.49
506.2
1631.5
985.16
1537.02
962.55
1711.81
2082.99
608.25
275.59
1011.28
1556.29
1386.78
1406.58
1002.2
1408.25
1026.95
1946.68
1215.53
906.28
902.69
833.94
1621.2
1676.78
864.79
1347.19
1292.74
1570.14
769.88
946.23
1186.12
1515.09
1313.33
1376.87
1074.98
1426.19
725.72
1715.62
1420.73
1475.37
2020.03
1469.99
1745.55
965.02
1534.13
921.35
1190.57
1667.47
1115.81
828.62
1183.08
1447.96
1189.51
1155.04
1425.08
2032.18
1707.09
1943.7
1249.35
1916.43
841.2
1646.36
2071.49
1654.34
1466.01
961.19
1411.21
1361.96
1861.61
1575.6
1564.29
1636.38
999.51
1216.79
1284.05
1962.27
846.96
1186.48
1258.14
1072.4
2287.79
973.15
1833.76
1173.32
746.34
721.35
1459.27
1047.11
1480.61
801.5
607.51
1218.0
1469.72
1572.89
2201.45
1317.01
1365.57
1013.85
1104.35
2000.13
1559.05
1258.13
1257.45
1816.43
1216.85
1348.32
1306.75
1046.21
1326.76
1087.27
1536.59
1636.19
1742.59
555.74
841.14
1203.21
751.0
662.83
1067.59
1634.62
902.79
957.07
1790.34
1019.41
1098.1
1702.23
1481.99
1224.73
1495.99
1586.65
1724.1
1789.3
1141.55
2131.46
1608.4
1630.62
2176.8
1483.01
1784.99
1120.26
1582.45
1054.02
1089.78
1447.58
1153.49
2000.57
2092.41
1807.54
2010.61
1746.33
1586.28
1367.53
1462.15
1286.76
1087.41
1203.52
1723.72
2408.91
1941.55
2101.85
1034.05
737.11
1146.08
1354.7
1862.99
1789.75
693.03
1641.92
661.42
1506.53
2134.85
1146.3
1322.14
1496.68
837.49
1658.34
922.57
1883.07
1054.27
1247.45
2234.72
1344.45
723.56
807.3
1550.57
852.98
1919.46
1348.93
1322.02
1631.25
789.14
650.6
2013.23
1151.09
1535.24
2052.05
1345.44
1224.41
1837.29
1365.14
881.32
1447.57
1091.38
1571.51
778.05
1996.04
1502.77
973.85
628.92
1674.95
1223.79
1188.04
1619.01
1703.34
1027.1
820.44
1015.08
753.34
1710.19
1221.48
668.45
2084.91
2043.38
1936.95
985.31
830.18
773.99
1768.6
1925.66
1894.97
466.57
1885.79
1437.25
1637.22
1536.72
1645.5
1256.4
848.0
1474.32
1365.88
1363.58
1279.03
679.68
977.24
1243.2
600.51
1966.15
1493.42
1157.76
1066.97
1490.85
1486.0
1285.93
2359.92
1869.9
758.65
1124.49
1248.66
1143.21
1257.3
1491.59
1542.93
1142.72
1216.88
2070.67
1351.15
1544.2
1469.39
2271.68
1616.79
1232.36
1626.29
1550.7
797.38
1368.94
783.19
1288.25
998.38
1108.49
1145.74
1219.71
1138.37
1023.16
1487.58
2188.01
1341.04
2309.58
1556.04
1166.71
1394.13
1305.68
1800.1
1612.76
1097.51
1169.88
1178.25
1042.54
1667.92
1291.29
1939.64
1696.06
1713.87
835.88
1256.03
1859.13
2027.12
1145.17
1876.34
1508.94
982.26
1953.9
1909.06
1914.5
1516.88
1587.82
1291.8
1613.15
461.95
905.98
1508.77
974.18
1196.54
2180.13
1614.55
1061.89
1448.06
1889.16
1077.59
153.07
984.75
1655.99
1992.75
2188.94
1765.98
1706.2
1693.41
721.67
1565.95
1105.0
1641.73
1468.9
1277.7
887.78
1415.58
1251.17
876.28
956.46
1731.99
1687.36
1376.53
1515.65
1691.22
2151.28
1548.43
1081.3
1840.83
1144.01
871.91
575.96
1148.98
682.22
1504.93
1278.16
1843.57
1163.97
1760.14
878.6
804.34
890.22
1957.92
2144.6
1584.45
1825.5
1411.11
1219.0
2030.1
1078.3
1654.67
942.0
1417.52
1003.19
1171.94
845.14
1936.0
1894.84
1226.64
1827.92
898.38
2180.82
1305.03
1073.09
1340.39
1433.45
1459.3
1459.43
1184.61
1131.36
1184.7
2247.5
1337.36
1090.23
1926.64
893.5
1918.62
1063.11
1988.31
1948.16
753.97
1604.51
1127.74
327.39
1076.3
1594.87
934.72
1600.69
1031.92
1493.98
1731.96
2229.38
1012.02
1345.76
732.58
1311.34
1097.85
1646.92
2183.12
2142.42
1810.36
1113.57
1237.59
2202.21
1224.56
1742.85
1169.22
1227.99
843.19
1632.95
492.55
850.99
1232.88
1277.71
1865.95
885.17
1166.49
1902.54
1467.76
1781.72
504.79
913.76
1422.89
1142.94
900.95
915.96
1272.48
1582.98
2295.34
1542.05
1513.14
1300.5
1599.55
1495.7
1427.16
1429.44
2191.8
845.69
1126.66
962.52
1118.05
2412.52
1548.52
1540.13
1086.82
1766.44
835.16
1130.69
998.51
1901.01
1439.38
1697.82
1437.56
1994.28
2239.25
1473.44
335.88
1262.05
1756.01
1735.79
890.5
1469.17
1193.45
1247.97
1148.14
2265.81
1296.32
1275.49
2004.58
2083.73
1808.82
844.23
2080.61
1330.69
1199.77
407.8
1477.48
1570.27
1347.73
1340.78
1722.4
843.5
707.72
754.1
1996.72
1013.12
